8 7 3 3 21 91 297 830 2098 4940 11041 23745 49682 102071 207392 418543 839856 1672689 3294947 6393907 12179007
14 16 21 48 126 306 696 1534 3320 7031 14440 28549 54126 98307 171187 286281 460690 714762 1070999 1551934 2176694
16 25 28 16 -15 -58 -95 -93 27 484 1843 5395 13786 31983 68678 138244 263370 478515 834334 1403242 2286295
11 14 21 40 76 125 170 186 176 285 1081 4181 13601 38634 99880 241509 555257 1225456 2610109 5381286 10759714
14 22 47 116 268 548 997 1638 2458 3386 4267 4832 4664 3160 -511 -7454 -19098 -37250 -64153 -102548 -155740
16 17 29 64 133 246 412 639 934 1303 1751 2282 2899 3604 4398 5281 6252 7309 8449 9668 10961
7 17 44 98 194 359 639 1106 1865 3061 4886 7586 11468 16907 24353 34338 47483 64505 86224 113570 147590
23 34 41 50 76 155 375 943 2318 5456 12232 26126 53285 104101 195476 353979 620137 1054142 1743299 2811586 4431746
9 19 33 48 60 64 54 23 -37 -135 -281 -486 -762 -1122 -1580 -2151 -2851 -3697 -4707 -5900 -7296
12 15 21 49 138 352 778 1528 2774 4870 8652 16072 31448 63860 131720 271603 555820 1128761 2284679 4637247 9488786
15 34 61 103 183 355 725 1476 2893 5379 9445 15646 24421 35778 48745 60485 64947 50896 -867 -121319 -358325
11 13 20 35 61 101 158 235 335 461 616 803 1025 1285 1586 1931 2323 2765 3260 3811 4421
0 -2 -5 -17 -38 -48 -1 167 503 959 1256 680 -2193 -9841 -26210 -57218 -111414 -200940 -343079 -562875 -897600
-2 -6 -12 -25 -52 -102 -186 -317 -510 -782 -1152 -1641 -2272 -3070 -4062 -5277 -6746 -8502 -10580 -13017 -15852
6 0 -1 16 72 200 451 902 1666 2904 4839 7772 12100 18336 27131 39298 55838 77968 107151 145128 193952
-1 13 48 114 226 408 697 1147 1833 2855 4342 6456 9396 13402 18759 25801 34915 46545 61196 79438 101910
-4 3 27 79 170 311 513 787 1144 1595 2151 2823 3622 4559 5645 6891 8308 9907 11699 13695 15906
9 19 32 53 107 254 601 1321 2710 5338 10383 20301 40144 80237 161864 329686 678973 1414585 2976164 6297977 13336423
8 22 43 82 162 319 607 1119 2058 3925 7937 16861 36593 79128 168277 351007 720344 1461600 2944167 5899128 11752624
17 29 41 46 36 5 -43 -65 107 970 3771 11324 29582 70700 159050 342953 717151 1464954 2936061 5789659 11260094
7 23 51 94 156 247 388 616 989 1591 2537 3978 6106 9159 13426 19252 27043 37271 50479 67286 88392
1 4 8 4 -8 -7 56 271 823 2164 5463 13660 33772 81706 191968 436790 963244 2064587 4316461 8834963 17760843
-2 14 52 132 296 630 1296 2586 5019 9512 17674 32314 58355 104578 187128 336789 614256 1142126 2171220 4215984 8325814
2 -1 -4 -3 9 54 198 605 1629 3960 8841 18376 35962 66913 119417 206098 346668 572477 934234 1514815 2449935
17 25 30 32 31 27 20 10 -3 -19 -38 -60 -85 -113 -144 -178 -215 -255 -298 -344 -393
17 15 24 59 139 293 571 1074 2038 4043 8487 18611 41665 93398 207137 451589 964595 2015027 4112774 8198631 15963739
-5 -10 -15 -20 -25 -30 -35 -40 -45 -50 -55 -60 -65 -70 -75 -80 -85 -90 -95 -100 -105
0 6 15 27 57 159 457 1178 2682 5484 10263 17853 29211 45357 67281 95812 131444 174114 222927 275823 329181
3 7 23 67 176 423 932 1893 3577 6351 10693 17207 26638 39887 58026 82313 114207 155383 207747 273451 354908
7 13 26 68 179 417 852 1563 2672 4498 8012 15971 35500 83659 199038 465377 1058965 2342607 5049574 10638354 21964697
10 2 -11 -18 14 151 515 1330 3002 6244 12257 22978 41406 72017 121279 198278 315466 489542 742477 1102694 1606414
2 10 37 91 192 384 748 1417 2593 4566 7744 12734 20595 33578 57103 104632 208868 445946 984871 2183653 4768098
20 36 50 68 104 178 314 538 876 1352 1986 2792 3776 4934 6250 7694 9220 10764 12242 13548 14552
13 12 8 6 14 43 107 223 411 694 1098 1652 2388 3341 4549 6053 7897 10128 12796 15954 19658
-2 9 27 56 115 251 564 1261 2764 5910 12300 24889 49004 94255 178538 337047 642862 1252940 2507292 5135812 10678959
9 4 7 27 82 207 459 930 1786 3365 6412 12643 26076 56039 123595 274489 603851 1301070 2727841 5548807 10942978
3 2 -2 -9 -23 -54 -119 -238 -401 -453 196 3193 12476 36657 93621 219447 485691 1032538 2131441 4301698 8525093
19 30 52 106 217 425 820 1612 3256 6669 13610 27367 54059 105227 203167 392014 760501 1487468 2929844 5786716 11394577
15 24 36 49 72 146 393 1105 2880 6800 14621 28900 52911 90092 142608 208400 275805 314464 260770 -4469 -689182
1 13 39 81 151 290 597 1271 2669 5383 10339 18921 33123 55732 90545 142623 218585 326945 478495 686737 968367
19 48 88 142 224 360 597 1029 1847 3425 6469 12293 23382 44650 86410 171474 351819 746370 1623174 3570632 7839828
28 57 105 180 291 448 662 946 1334 1958 3258 6465 14622 34626 81107 183410 397508 825395 1645623 3160830 5872881
8 15 40 107 265 598 1235 2360 4222 7145 11538 17905 26855 39112 55525 77078 104900 140275 184652 239655 307093
7 11 24 55 113 207 346 539 795 1123 1532 2031 2629 3335 4158 5107 6191 7419 8800 10343 12057
8 14 43 120 289 619 1205 2169 3674 5967 9461 14850 23242 36356 57112 91749 156464 295332 623251 1419764 3319523
13 35 65 116 224 470 1017 2168 4460 8837 17020 32355 61725 119626 236310 473083 949519 1889631 3697059 7073238 13197454
-1 -5 -12 -22 -35 -51 -70 -92 -117 -145 -176 -210 -247 -287 -330 -376 -425 -477 -532 -590 -651
9 4 9 40 119 274 539 954 1565 2424 3589 5124 7099 9590 12679 16454 21009 26444 32865 40384 49119
20 38 74 139 244 400 618 909 1284 1754 2330 3023 3844 4804 5914 7185 8628 10254 12074 14099 16340
7 20 53 120 244 456 798 1330 2150 3456 5702 9912 18205 34557 65835 123315 225497 404488 721211 1300196 2404090
17 29 42 63 98 158 280 570 1289 3029 7064 16011 34998 73610 148970 290410 546297 993701 1751726 2999471 4999746
-2 -4 -4 -2 10 62 222 618 1482 3258 6871 14369 30377 65224 141353 305913 654622 1375755 2829859 5693690 11223106
-4 -4 16 78 225 541 1173 2350 4391 7689 12665 19733 29446 43260 65828 110503 210886 442914 964270 2080952 4354815
26 40 56 80 121 184 256 296 256 178 435 2217 8413 25116 64091 146709 310078 616412 1167090 2123390 3736561
11 20 34 63 134 300 663 1419 2928 5815 11127 20609 37227 66198 117118 208669 379720 716425 1418415 2956810 6438303
25 43 74 130 238 448 850 1610 3031 5637 10273 18231 31500 53510 91433 162689 311687 649692 1444052 3307963 7586800
12 33 66 113 174 247 328 411 488 549 582 573 506 363 124 -233 -732 -1399 -2262 -3351 -4698
11 18 35 84 204 460 959 1871 3453 6087 10395 17637 30928 58504 121666 272821 634630 1482571 3416169 7710686 17034753
-1 7 32 87 184 331 536 831 1334 2373 4716 10007 21631 46461 98326 204639 418505 839867 1650928 3173303 5957210
25 43 77 134 224 368 610 1033 1779 3073 5251 8792 14354 22814 35312 53299 78589 113415 160489 223066 305012
2 1 10 50 157 378 777 1465 2668 4847 8884 16348 29855 53536 93627 159195 263014 422605 661454 1010422 1509361
14 19 23 35 86 236 583 1284 2599 4975 9220 16915 31441 60475 121736 255471 550180 1193159 2565693 5415679 11160144
10 15 31 83 212 474 937 1678 2782 4345 6483 9349 13160 18236 25053 34312 47026 64627 89095 123111 170236
8 15 33 87 228 547 1195 2409 4543 8106 13816 22690 36205 56584 87284 133790 204850 314321 483835 746537 1152194
10 21 24 19 22 72 244 684 1698 3955 8920 19743 43040 92413 195393 407212 838266 1708765 3456172 6942059 13839906
13 21 41 98 236 521 1050 1973 3534 6150 10589 18394 32845 60970 117424 231467 458803 900707 1733681 3253858 5941530
7 15 30 61 112 183 272 369 433 363 29 -452 239 7205 35514 123890 363303 953775 2312372 5270455 11421086
12 29 60 105 164 237 324 425 540 669 812 969 1140 1325 1524 1737 1964 2205 2460 2729 3012
-5 -6 -7 -8 -9 -10 -11 -12 -13 -14 -15 -16 -17 -18 -19 -20 -21 -22 -23 -24 -25
10 13 12 15 39 110 263 542 1000 1699 2710 4113 5997 8460 11609 15560 20438 26377 33520 42019 52035
8 12 33 75 140 233 365 558 861 1399 2506 5042 11071 25209 57205 126827 273118 571922 1168779 2339573 4599646
6 10 24 72 186 408 807 1528 2900 5641 11216 22444 44540 86968 166870 315640 591906 1107760 2082476 3952728 7596590
6 12 30 73 157 307 570 1036 1869 3353 5960 10437 17863 29502 46004 64975 74988 42506 -114398 -575675 -1708563
10 34 68 112 166 230 304 388 482 586 700 824 958 1102 1256 1420 1594 1778 1972 2176 2390
7 18 31 56 113 228 437 815 1548 3062 6214 12536 24504 45780 81346 137415 220965 338698 495177 689840 912531
6 11 29 61 119 256 621 1549 3696 8229 17081 33281 61369 107906 182089 296481 467866 718239 1075941 1576949 2266331
13 22 36 63 120 251 559 1257 2758 5853 12073 24403 48623 95706 185922 355599 667899 1229504 2215802 3908047 6747074
6 11 19 41 95 222 520 1198 2654 5591 11220 21698 41186 78410 152561 306090 630970 1320243 2765809 5739355 11720997
2 12 43 108 230 459 898 1735 3277 5981 10476 17569 28227 43526 64557 92278 127300 169594 218105 270258 321340
9 21 57 121 221 387 693 1291 2475 4800 9285 17730 33175 60524 107349 184878 309157 502359 794193 1223343 1838841
5 1 -7 -13 1 82 337 978 2381 5159 10249 19013 33353 55840 89857 139756 211029 310493 446489 629095 870353
11 19 38 93 234 557 1236 2571 5075 9668 18140 34213 65797 129413 258251 515930 1018695 1969461 3707702 6779553 12032472
13 35 74 140 251 433 720 1154 1785 2671 3878 5480 7559 10205 13516 17598 22565 28539 35650 44036 53843
-7 -8 8 59 170 389 815 1638 3191 6014 10930 19133 32288 52643 83153 127616 190821 278708 398540 559087 770822
11 28 66 147 306 600 1121 2013 3493 5876 9604 15279 23700 35904 53211 77273 110127 154252 212630 288811 386982
23 37 54 71 83 83 62 9 -89 -247 -482 -813 -1261 -1849 -2602 -3547 -4713 -6131 -7834 -9857 -12237
13 26 40 72 151 310 570 913 1253 1433 1301 953 1298 5269 20441 64850 180015 459521 1109694 2573981 5780871
11 29 49 71 101 152 246 425 781 1513 3007 5910 11144 19834 33333 54166 90210 167439 362022 871617 2159474
3 2 8 44 158 434 1014 2151 4316 8395 16056 30479 57884 110755 214490 420659 832557 1653032 3271856 6422098 12454958
20 31 42 53 64 75 86 97 108 119 130 141 152 163 174 185 196 207 218 229 240
-1 4 23 68 158 324 620 1156 2178 4243 8602 18065 38975 85620 189701 419688 918489 1973410 4140609 8457982 16796612
18 37 66 118 223 441 875 1696 3208 6009 11370 22112 44618 93376 200976 439412 963937 2100368 4513605 9524129 19688464
16 21 41 96 222 479 959 1794 3164 5305 8517 13172 19722 28707 40763 56630 77160 103325 136225 177096 227318
-6 2 26 84 210 460 929 1789 3358 6210 11336 20366 35862 61692 103495 169247 269938 420370 640086 954440 1395818
7 27 56 89 133 220 426 903 1931 3997 7908 14945 27065 47158 79366 129471 205359 317567 479920 710265 1031309
1 -1 9 41 116 274 584 1162 2216 4171 7988 15884 32789 69044 145053 298853 597859 1156375 2160835 3905147 6838954
0 -3 1 31 114 281 562 976 1507 2052 2322 1672 -1169 -8502 -24235 -54677 -109598 -203609 -357921 -602547 -979016
15 31 59 111 203 357 615 1074 1963 3808 7774 16345 34636 72912 151519 310814 631553 1276860 2577662 5203507 10497645
16 26 41 68 114 186 291 436 628 874 1181 1556 2006 2538 3159 3876 4696 5626 6673 7844 9146
16 21 26 44 99 237 545 1178 2390 4567 8277 14406 24596 42557 77600 153293 327117 732628 1666477 3764163 8352022
-5 -4 7 45 149 404 988 2256 4880 10069 19898 37780 69120 122195 209309 348277 564297 892274 1379665 2089919 3106591
21 31 41 51 61 71 81 91 101 111 121 131 141 151 161 171 181 191 201 211 221
16 34 69 123 196 289 407 562 776 1084 1537 2205 3180 4579 6547 9260 12928 17798 24157 32335 42708
8 22 46 93 182 331 558 897 1445 2490 4842 10612 24871 58885 135976 301516 639134 1295918 2520238 4716815 8524828
12 13 10 11 45 172 493 1160 2386 4455 7732 12673 19835 29886 43615 61942 85928 116785 155886 204775 265177
6 22 50 95 167 276 437 704 1253 2536 5533 12143 25792 52433 102381 194174 363632 686126 1330952 2689399 5662421
4 4 0 -7 -16 -26 -36 -45 -52 -56 -56 -51 -40 -22 4 39 84 140 208 289 384
13 17 25 57 150 372 847 1791 3559 6703 12041 20737 34392 55146 85791 129895 191937 277453 393193 547289 749434
1 4 7 10 13 16 19 22 25 28 31 34 37 40 43 46 49 52 55 58 61
9 7 7 23 87 260 660 1516 3257 6645 12961 24253 43655 75786 127238 207162 327961 506099 763035 1126291 1630663
8 9 25 79 208 475 999 2016 3985 7745 14720 27180 48631 84573 144192 244113 416222 722865 1284563 2327869 4264274
9 11 28 79 199 453 967 1992 4024 8028 15868 31141 60782 118137 228910 442944 858083 1668933 3265728 6430635 12716521
18 40 74 122 184 258 340 424 502 564 598 590 524 382 144 -212 -710 -1376 -2238 -3326 -4672
9 9 18 56 161 400 881 1775 3378 6279 11770 22785 45981 96237 206097 444874 955731 2024641 4203378 8520350 16828917
1 12 28 57 131 325 788 1793 3822 7732 15114 29074 55848 107927 209728 407318 784295 1486668 2760472 5006919 8861137
3 19 49 99 175 283 429 619 859 1155 1513 1939 2439 3019 3685 4443 5299 6259 7329 8515 9823
17 34 61 103 179 329 624 1193 2297 4503 9041 18464 37775 76236 150132 286828 530529 950232 1650445 2785341 4577115
4 17 40 71 107 144 177 200 206 187 134 37 -115 -334 -633 -1026 -1528 -2155 -2924 -3853 -4961
14 29 55 109 231 503 1087 2306 4813 9922 20212 40560 79812 153362 286978 522291 924448 1592523 2673381 4379799 7013765
8 24 47 75 107 152 242 445 874 1688 3081 5255 8373 12488 17444 22745 27388 29656 26867 15075 -11281
17 21 20 14 3 -13 -34 -60 -91 -127 -168 -214 -265 -321 -382 -448 -519 -595 -676 -762 -853
10 33 71 131 222 361 592 1018 1853 3523 6888 13722 27670 56001 112635 223286 434488 830477 1566685 2938113 5518450
-6 -7 -7 6 59 206 553 1297 2772 5490 10168 17746 29427 46807 72208 109375 164742 249503 382731 595758 937947
3 3 18 77 225 522 1055 1973 3550 6276 10971 18912 31958 52653 84282 130850 196949 287473 407136 559743 747159
13 19 48 121 273 561 1074 1956 3461 6075 10772 19537 36435 69826 136994 273780 554374 1131454 2316989 4744788 9698474
1 1 10 41 107 221 396 645 981 1417 1966 2641 3455 4421 5552 6861 8361 10065 11986 14137 16531
11 23 46 91 179 337 604 1061 1899 3539 6818 13255 25411 47357 85264 148129 248651 404271 638390 981779 1474195
4 0 11 58 169 382 758 1416 2611 4886 9347 18157 35457 69149 134379 260204 501882 962544 1829727 3434368 6342333
28 53 90 136 196 305 566 1212 2714 5995 12880 27020 55683 113027 225801 442938 851340 1601513 2948890 5320104 9418714
15 14 5 -5 7 91 338 899 2020 4112 7884 14585 26440 47438 84747 151194 269445 478718 844999 1475707 2539421
0 7 29 86 221 517 1134 2377 4812 9477 18319 35179 68037 133987 269858 554126 1150832 2395419 4958601 10152004 20484933
17 37 81 166 329 646 1259 2423 4605 8708 16571 32034 63095 126099 253623 508987 1012497 1988167 3845573 7320774 13714389
8 19 28 38 52 67 81 128 356 1163 3406 8698 19808 41179 79579 144900 251120 417443 669632 1041550 1576924
14 20 28 48 109 274 663 1493 3157 6389 12607 24620 48088 94545 187629 375758 757456 1530898 3088682 6194964 12308847
1 12 37 80 146 252 449 864 1789 3885 8643 19368 43163 94761 203714 427619 876109 1753874 3437021 6607308 12485900
29 45 68 115 210 376 637 1051 1804 3406 7043 15154 32319 66563 131202 247380 447471 779547 1313142 2146573 3416112
9 31 64 108 163 229 306 394 493 603 724 856 999 1153 1318 1494 1681 1879 2088 2308 2539
-1 -2 7 39 116 288 662 1441 2973 5810 10777 19051 32250 52532 82704 126341 187915 272934 388091 541423 742480
-2 13 55 134 270 516 1004 2032 4225 8833 18293 37316 75017 149069 293682 574677 1117608 2159875 4147202 7912909 15013186
22 34 46 58 70 82 94 106 118 130 142 154 166 178 190 202 214 226 238 250 262
-6 -4 14 53 110 171 213 227 293 754 2546 7735 20291 47127 99546 195687 365787 664983 1204769 2227592 4275927
10 22 44 83 162 328 660 1277 2346 4090 6796 10823 16610 24684 35668 50289 69386 93918 124972 163771 211682
0 7 28 83 197 401 753 1396 2671 5308 10741 21657 43028 84133 162497 311269 592260 1117427 2081504 3806821 6796649
5 23 51 97 187 368 718 1369 2542 4579 7931 13011 19731 26400 27477 9528 -55129 -216609 -553905 -1168495 -2137857
3 17 47 92 144 200 288 515 1151 2775 6536 14634 31214 64002 127209 246501 467195 867309 1577685 2812136 4911460
17 33 62 117 228 451 878 1651 2983 5186 8701 14119 22176 33700 49485 70067 95381 124287 153968 179225 191724
21 40 87 186 381 757 1477 2849 5445 10302 19243 35364 63741 112419 193753 326179 536501 862788 1357983 2094334 3168765
-5 9 33 73 147 287 541 975 1675 2749 4329 6573 9667 13827 19301 26371 35355 46609 60529 77553 98163
-1 3 8 14 21 29 38 48 59 71 84 98 113 129 146 164 183 203 224 246 269
-9 -13 -17 -21 -25 -29 -33 -37 -41 -45 -49 -53 -57 -61 -65 -69 -73 -77 -81 -85 -89
12 24 45 66 73 47 -36 -205 -494 -942 -1593 -2496 -3705 -5279 -7282 -9783 -12856 -16580 -21039 -26322 -32523
1 -7 -5 36 159 421 893 1660 2821 4489 6791 9868 13875 18981 25369 33236 42793 54265 67891 83924 102631
8 7 4 8 29 68 100 56 -170 -628 -1012 82 6803 29505 91748 243988 589428 1331125 2854868 5870172 11642713
17 18 23 47 113 249 494 924 1717 3308 6769 14741 33640 78604 183971 424370 955538 2091410 4448557 9218722 18691990
5 4 8 34 114 300 681 1424 2849 5541 10489 19228 33968 57793 95374 155649 260420 468619 939039 2083089 4921517
23 32 41 50 59 68 77 86 95 104 113 122 131 140 149 158 167 176 185 194 203
18 29 43 78 174 406 903 1887 3762 7299 13986 26658 50616 95620 179442 334143 616954 1128665 2043837 3659038 6467762
-1 -2 -4 -10 -25 -49 -50 96 712 2493 6774 15938 34032 67690 127502 230018 400637 677704 1118224 1805702 2860733
30 53 98 179 310 505 778 1143 1614 2205 2930 3803 4838 6049 7450 9055 10878 12933 15234 17795 20630
-6 1 16 39 70 109 156 211 274 345 424 511 606 709 820 939 1066 1201 1344 1495 1654
21 33 60 121 242 467 886 1691 3276 6413 12566 24444 46936 88635 164356 299737 541051 978609 1804192 3448255 6892074
-3 -4 9 48 125 252 441 704 1053 1500 2057 2736 3549 4508 5625 6912 8381 10044 11913 14000 16317
8 15 34 71 135 237 399 688 1298 2711 5978 13177 28139 57625 113400 216356 405565 759024 1440935 2806156 5621716
3 15 37 69 106 146 202 329 690 1697 4271 10262 23045 48246 94434 173418 299485 486475 740977 1049107 1353252
1 7 36 103 221 408 711 1256 2336 4552 9025 17700 33766 62219 110598 189927 315899 510341 803002 1233709 1854939
13 18 34 82 204 485 1085 2291 4605 8896 16685 30741 56399 104441 197111 380060 745214 1473958 2919643 5770066 11378567
-1 7 33 88 184 337 572 930 1477 2315 3595 5532 8422 12661 18766 27398 39387 55759 77765 106912 144996
9 32 63 110 187 309 499 825 1495 3056 6768 15258 33629 71393 146114 290861 570109 1113560 2185909 4324846 8602263
-3 2 12 20 20 24 96 408 1333 3623 8803 20083 44397 96680 208275 442589 923203 1883614 3756016 7334016 14080712
-6 0 23 69 157 346 775 1711 3604 7156 13424 24001 41374 69698 116584 197405 345861 639891 1264259 2657809 5848656
7 15 37 79 147 247 385 567 799 1087 1437 1855 2347 2919 3577 4327 5175 6127 7189 8367 9667
1 0 4 17 43 86 150 239 357 508 696 925 1199 1522 1898 2331 2825 3384 4012 4713 5491
-2 -6 -12 -6 50 232 675 1610 3446 6958 13696 26824 52751 104146 205271 401145 773292 1467962 2750914 5123462 9583214
11 11 17 40 90 185 369 741 1505 3066 6234 12683 25980 53804 112527 236373 495423 1030789 2123107 4325038 8714342
7 19 48 109 220 399 659 1013 1513 2365 4191 8554 18935 42494 93286 198454 410975 837155 1696738 3452459 7081034
5 18 36 63 105 178 331 701 1633 3929 9347 21570 48036 103327 215391 436977 866793 1688972 3247154 6183973 11703543
23 38 59 94 157 283 552 1114 2215 4242 7831 14109 25153 44717 79156 138197 234679 381486 582475 812064 975061
13 38 76 140 251 440 764 1351 2491 4801 9525 19099 38231 75933 149213 289508 553433 1040056 1917706 3464302 6126379
17 18 21 29 51 116 287 668 1399 2636 4524 7227 11263 18867 38171 94179 254740 687497 1777538 4358940 10152174
5 19 55 143 328 670 1244 2140 3463 5333 7885 11269 15650 21208 28138 36650 46969 59335 74003 91243 111340
11 14 21 45 127 354 896 2089 4618 9910 20957 43989 91754 189694 387102 776485 1525933 2931406 5498613 10067693 17998353
10 13 23 61 165 403 890 1814 3498 6572 12411 24122 48545 99980 206674 421509 838834 1619991 3030807 5495171 9669797
21 38 66 120 239 497 1029 2084 4116 7933 14958 27744 51079 94401 176942 338209 658323 1295676 2553710 4994836 9628155
13 31 59 105 195 382 764 1527 3044 6080 12171 24251 47575 90898 167681 296760 501387 804793 1219407 1725593 2234279
-7 -2 16 46 79 92 51 -53 -91 465 3056 10949 30743 74717 164331 335260 644417 1179504 2071720 3512352 5774079
28 50 93 177 335 620 1126 2032 3681 6715 12309 22597 41496 76396 141789 267250 514978 1017580 2056897 4222417 8717573
4 17 33 47 49 25 -40 -157 -326 -527 -709 -777 -577 121 1642 4427 9056 16273 27013 42431 63933
7 11 23 52 116 252 534 1111 2298 4785 10069 21272 44621 92112 186392 369873 721825 1390063 2648339 4997292 9336554
2 4 9 29 91 243 572 1253 2658 5564 11509 23355 46127 88207 162972 290975 502778 842556 1372601 2178865 3377691
19 28 43 83 186 425 932 1938 3857 7477 14373 27727 53828 104630 201866 383348 712223 1290098 2275087 3905963 6533710
10 8 4 14 77 263 688 1540 3115 5867 10508 18275 31653 56195 104783 207024 428953 912587 1952373 4138229 8616090
21 29 44 83 185 422 910 1828 3470 6393 11794 22362 44018 89188 182562 370687 737235 1426389 2677512 4875117 8619151
21 31 47 88 193 432 925 1892 3767 7411 14450 27741 51929 93998 163636 273125 436329 666183 969881 1340718 1745257
15 13 2 -11 7 129 482 1261 2743 5301 9418 15701 24895 37897 55770 79757 111295 152029 203826 268789 349271
-8 -11 -14 -17 -20 -23 -26 -29 -32 -35 -38 -41 -44 -47 -50 -53 -56 -59 -62 -65 -68
18 28 36 48 72 122 228 449 886 1692 3076 5298 8652 13434 19892 28155 38138 49420 61092 71572 78384
14 23 47 104 221 446 873 1686 3232 6142 11533 21353 39008 70604 127566 232240 429598 810693 1557495 3024738 5883107
16 29 52 81 108 121 105 56 45 420 2321 8809 27076 72420 174990 390905 820690 1641111 3163610 5947757 11028712
21 29 40 58 84 112 134 159 245 535 1281 2841 5664 10389 18477 34425 71752 166672 405377 971947 2221091
-6 -14 -27 -33 -7 89 306 708 1372 2388 3859 5901 8643 12227 16808 22554 29646 38278 48657 61003 75549
